<?xml version="1.0"?>
<opencv_storage>
<calibration_time>"Sun 15 Dec 2024 10:17:00 PM CST"</calibration_time>
<nr_of_frames>10</nr_of_frames>
<image_width>640</image_width>
<image_height>480</image_height>
<board_width>11</board_width>
<board_height>8</board_height>
<square_size>20.</square_size>
<fix_aspect_ratio>1.</fix_aspect_ratio>
<!-- flags: +fix_aspectRatio +fix_principal_point +zero_tangent_dist +fix_k4 +fix_k5 -->
<flags>6158</flags>
<fisheye_model>0</fisheye_model>
<camera_matrix type_id="opencv-matrix">
  <rows>3</rows>
  <cols>3</cols>
  <dt>d</dt>
  <data>
    1.0684443572726104e+03 0. 3.1950000000000000e+02 0.
    1.0684443572726104e+03 2.3950000000000000e+02 0. 0. 1.</data></camera_matrix>
<distortion_coefficients type_id="opencv-matrix">
  <rows>5</rows>
  <cols>1</cols>
  <dt>d</dt>
  <data>
    -1.0047673487187585e-01 8.8746905126361908e-02 0. 0.
    2.7083589762092730e+00</data></distortion_coefficients>
<avg_reprojection_error>1.0772676060735827e-01</avg_reprojection_error>
<per_view_reprojection_errors type_id="opencv-matrix">
  <rows>10</rows>
  <cols>1</cols>
  <dt>f</dt>
  <data>
    1.29397035e-01 9.66744199e-02 1.14976741e-01 1.02958471e-01
    9.15583074e-02 1.04730189e-01 8.04723725e-02 1.15801029e-01
    1.18554644e-01 1.13352090e-01</data></per_view_reprojection_errors>
<!-- a set of 6-tuples (rotation vector + translation vector) for each view -->
<extrinsic_parameters type_id="opencv-matrix">
  <rows>10</rows>
  <cols>6</cols>
  <dt>d</dt>
  <data>
    -8.3353283864822891e-01 3.8276531807662861e-01
    6.6694305185906022e-01 -6.3296264111938520e+01
    -6.9917364643535876e+01 7.0069151165095263e+02
    -6.9187593451344309e-01 -8.6013348665623102e-02
    -5.7938795344621452e-01 -1.7552093874996973e+02
    -1.9136461388979665e+01 6.6237168214230735e+02
    -7.6890758100855539e-01 2.0406891754760298e-01
    -7.0427624299352187e-01 -1.5106253277266168e+02
    3.4258268254318452e+01 7.6591126006349600e+02
    -7.7679875358157258e-01 1.5933441032608381e-01
    2.0260245308810176e-01 -1.2133793524751893e+02
    -8.2352263731327071e+01 7.4927962389997663e+02
    -3.9005188737912500e-01 1.5896406313051489e-01
    7.2007951625056521e-01 -5.8919324762454117e+01
    -1.2568525985146054e+02 6.8529137930383479e+02
    -5.4613767651120892e-01 9.9599561185534743e-02
    1.1756658035036587e+00 -1.1795593168863851e+01
    -1.4249511430389563e+02 7.1321147812926449e+02
    -2.5078346747659835e-01 1.1958643956113281e-01
    4.4370418769494463e-01 -1.2324875459050493e+02
    -8.1418473361294843e+01 6.9474323069044704e+02
    -6.7890150937311255e-01 1.2926043368461262e-01
    6.1978971174941289e-01 -7.0445108133004851e+01
    -7.9470723749620603e+01 7.3513642585244736e+02
    -8.4287422979388615e-01 1.5345488508745114e-01
    1.0639244429275476e+00 -4.6981158488365828e+00
    -7.5139230328933991e+01 7.3779343622940576e+02
    -9.2110283239206314e-01 2.6567912235587254e-01
    5.2415432985765516e-02 -1.4298427315867210e+02
    -5.8876858424435191e+01 7.6742849422839379e+02</data></extrinsic_parameters>
<image_points type_id="opencv-matrix">
  <rows>10</rows>
  <cols>88</cols>
  <dt>"2f"</dt>
  <data>
    2.23186508e+02 1.33289917e+02 2.44291840e+02 1.43465973e+02
    2.66118744e+02 1.53917007e+02 2.88673309e+02 1.65032257e+02
    3.12098755e+02 1.76451065e+02 3.36357086e+02 1.88294128e+02
    3.61366364e+02 2.00539536e+02 3.87341522e+02 2.13261139e+02
    4.14239532e+02 2.26428497e+02 4.42074005e+02 2.40130630e+02
    4.70899536e+02 2.54303009e+02 2.00726105e+02 1.46613358e+02
    2.21811035e+02 1.57288940e+02 2.43575226e+02 1.68227875e+02
    2.66210876e+02 1.79583069e+02 2.89617096e+02 1.91454544e+02
    3.13794739e+02 2.03709503e+02 3.38937256e+02 2.16537628e+02
    3.64908936e+02 2.29687881e+02 3.91878754e+02 2.43501389e+02
    4.19819366e+02 2.57717865e+02 4.48884583e+02 2.72528473e+02
    1.77600540e+02 1.60515442e+02 1.98635132e+02 1.71505188e+02
    2.20398148e+02 1.82806213e+02 2.42922272e+02 1.94670090e+02
    2.66304199e+02 2.07055679e+02 2.90533844e+02 2.19783951e+02
    3.15619019e+02 2.33113220e+02 3.41697968e+02 2.46869354e+02
    3.68764374e+02 2.61197021e+02 3.96838165e+02 2.76090240e+02
    4.25934235e+02 2.91501465e+02 1.53665253e+02 1.74814789e+02
    1.74678741e+02 1.86285110e+02 1.96380798e+02 1.98138199e+02
    2.18829346e+02 2.10419907e+02 2.42203903e+02 2.23270416e+02
    2.66448883e+02 2.36495361e+02 2.91558289e+02 2.50339157e+02
    3.17647125e+02 2.64638824e+02 3.44737488e+02 2.79572723e+02
    3.72859833e+02 2.95145569e+02 4.02187012e+02 3.11297638e+02
    1.29198273e+02 1.89640411e+02 1.50014969e+02 2.01562256e+02
    1.71582458e+02 2.13827301e+02 1.94016357e+02 2.26613815e+02
    2.17351578e+02 2.39953384e+02 2.41494781e+02 2.53779755e+02
    2.66589874e+02 2.68265411e+02 2.92649933e+02 2.83257996e+02
    3.19796661e+02 2.98744965e+02 3.47971405e+02 3.15032043e+02
    3.77376007e+02 3.31826813e+02 1.03718666e+02 2.04994476e+02
    1.24478783e+02 2.17328491e+02 1.45906601e+02 2.30191025e+02
    1.68307617e+02 2.43503372e+02 1.91466248e+02 2.57387604e+02
    2.15616348e+02 2.71761414e+02 2.40622131e+02 2.86783905e+02
    2.66771484e+02 3.02419556e+02 2.93888062e+02 3.18650970e+02
    3.22138397e+02 3.35545563e+02 3.51548096e+02 3.53219055e+02
    7.74531250e+01 2.20815231e+02 9.80739059e+01 2.33633804e+02
    1.19470070e+02 2.47014572e+02 1.41710999e+02 2.60888550e+02
    1.64783752e+02 2.75403687e+02 1.88807831e+02 2.90450592e+02
    2.13784103e+02 3.06123627e+02 2.39813202e+02 3.22434021e+02
    2.66989227e+02 3.39415894e+02 2.95229279e+02 3.57120270e+02
    3.24606110e+02 3.75517334e+02 5.03529625e+01 2.37308380e+02
    7.07569962e+01 2.50626160e+02 9.20508728e+01 2.64523010e+02
    1.14165413e+02 2.78947662e+02 1.37118179e+02 2.94068573e+02
    1.61079575e+02 3.09717621e+02 1.85887421e+02 3.26155731e+02
    2.11868179e+02 3.43181152e+02 2.38905167e+02 3.60914368e+02
    2.67181152e+02 3.79472748e+02 2.96602386e+02 3.98723145e+02
    3.79927902e+01 2.08951782e+02 6.66955185e+01 1.93984070e+02
    9.50408478e+01 1.79176987e+02 1.23005486e+02 1.64658249e+02
    1.50596558e+02 1.50391113e+02 1.77818939e+02 1.36346436e+02
    2.04654953e+02 1.22467636e+02 2.31114716e+02 1.08786156e+02
    2.57211975e+02 9.54427795e+01 2.82968109e+02 8.22402344e+01
    3.08339783e+02 6.92756500e+01 5.03044624e+01 2.28583893e+02
    7.94226303e+01 2.13230042e+02 1.08138695e+02 1.98015732e+02
    1.36461334e+02 1.83087387e+02 1.64490509e+02 1.68394287e+02
    1.92054718e+02 1.53958923e+02 2.19308075e+02 1.39732559e+02
    2.45991302e+02 1.25706032e+02 2.72542267e+02 1.11961151e+02
    2.98549133e+02 9.84640808e+01 3.24245087e+02 8.51071472e+01
    6.29172020e+01 2.48987717e+02 9.25703583e+01 2.33201981e+02
    1.21647049e+02 2.17554794e+02 1.50474701e+02 2.02202682e+02
    1.78787033e+02 1.87177460e+02 2.06820145e+02 1.72296982e+02
    2.34320984e+02 1.57657272e+02 2.61560120e+02 1.43318588e+02
    2.88343964e+02 1.29192413e+02 3.14695374e+02 1.15299881e+02
    3.40631805e+02 1.01599358e+02 7.61911697e+01 2.70216736e+02
    1.06185738e+02 2.53859116e+02 1.35687500e+02 2.37828522e+02
    1.64914963e+02 2.22074112e+02 1.93693024e+02 2.06543991e+02
    2.22090042e+02 1.91312592e+02 2.50043060e+02 1.76289948e+02
    2.77523529e+02 1.61483963e+02 3.04671265e+02 1.46936462e+02
    3.31410767e+02 1.32689148e+02 3.57708221e+02 1.18610023e+02
    8.98807373e+01 2.92234955e+02 1.20348999e+02 2.75448730e+02
    1.50349274e+02 2.58853394e+02 1.79937119e+02 2.42626038e+02
    2.09178055e+02 2.26646774e+02 2.38069839e+02 2.11011002e+02
    2.66270935e+02 1.95543762e+02 2.94220276e+02 1.80452896e+02
    3.21627625e+02 1.65504715e+02 3.48667236e+02 1.50802612e+02
    3.75355713e+02 1.36415100e+02 1.04193962e+02 3.15076477e+02
    1.35058929e+02 2.97694336e+02 1.65538269e+02 2.80726440e+02
    1.95557480e+02 2.64070374e+02 2.25258774e+02 2.47602295e+02
    2.54384048e+02 2.31453430e+02 2.83123352e+02 2.15564407e+02
