image_width: 1440
image_height: 1080
camera_name: narrow_stereo
camera_matrix:
  rows: 3
  cols: 3
  data: [2391.761769, 0.000000, 726.390500,
    0.000000, 2391.339152, 545.829284,
    0.000000, 0.000000, 1.000000]
distortion_model: plumb_bob
distortion_coefficients:
  rows: 1
  cols: 5
  data: [-0.090543, 0.451668 ,-0.000494 ,0.001216 ,0.000000]
rectification_matrix:
  rows: 3
  cols: 3
  data: [1.000000, 0.000000, 0.000000,
        0.000000, 1.000000, 0.000000,
        0.000000, 0.000000, 1.000000]
projection_matrix:
  rows: 3
  cols: 4
  data: [2381.787109, 0.000000 ,726.779627 ,0.000000,
    0.000000 ,2381.814209, 545.016833 ,0.000000,
    0.000000,0.000000 ,1.000000, 0.000000]
